1
-0.0253476
-0.0610633
-0.0189814
0.99919064 -0.00299338 -0.04011366
0.00472973 0.99905261 0.04326094
0.03994617 -0.04341565 0.99825818
0.03540102
2
-0.0309358
-0.0681528
-0.0184645
0.99935595 0.00084266 -0.03587443
0.00084848 0.99888986 0.04709910
0.03587429 -0.04709920 0.99824581
0.03457517
3
-0.0273015
-0.0821995
-0.0177131
0.99918939 -0.00107980 -0.04024178
0.00359138 0.99804524 0.06239231
0.04009575 -0.06248626 0.99724009
0.04052799
4
-0.0277121
-0.0711117
 -0.018454
0.99924151 -0.00168216 -0.03890479
0.00336843 0.99905563 0.04331865
0.03879518 -0.04341684 0.99830352
0.03503564
5
 -0.022262
-0.0748218
-0.0172598
0.99888719 -0.00376988 -0.04701246
0.00630422 0.99852770 0.05387654
0.04674013 -0.05411296 0.99744030
0.04192824
6
-0.0227007
-0.0638593
 -0.017442
0.99901853 -0.00408767 -0.04410521
0.00540612 0.99954080 0.02981541
0.04396308 -0.03002458 0.99858188
0.04288480
7
-0.0218534
-0.0634294
-0.0179859
0.99893724 -0.00302791 -0.04599164
0.00467451 0.99935030 0.03573678
0.04585355 -0.03591379 0.99830238
0.03617396
8
-0.0212713
-0.0637857
-0.0180229
0.99896388 -0.00244615 -0.04544423
0.00430365 0.99915719 0.04082149
0.04530607 -0.04097477 0.99813247
0.03381161
9
-0.0229915
-0.0585461
-0.0179224
0.99923791 -0.00268129 -0.03894123
0.00365083 0.99968457 0.02484800
0.03886232 -0.02497124 0.99893251
0.03940767
10
-0.0231386
-0.0554237
-0.0183413
0.99918747 -0.00170456 -0.04026781
0.00257057 0.99976631 0.02146434
0.04022181 -0.02155042 0.99895835
0.04010093
11
 -0.023366
-0.0589098
 -0.018577
0.99916082 0.00023764 -0.04095851
0.00154808 0.99904957 0.04356103
0.04092993 -0.04358788 0.99821082
0.03516462
12
-0.0225847
-0.0560531
-0.0188944
0.99903135 -0.00194629 -0.04396109
0.00324096 0.99956252 0.02939833
0.04388464 -0.02951233 0.99860060
0.04375788
13
-0.0235486
-0.0581514
-0.0189759
0.99920342 -0.00469642 -0.03962915
0.00647227 0.99897486 0.04480327
0.03937811 -0.04502408 0.99820950
0.03529811
14
-0.0230858
-0.0591276
-0.0191686
0.99910247 -0.00112973 -0.04234353
0.00310837 0.99890451 0.04669165
0.04224440 -0.04678136 0.99801148
0.03462998
15
-0.0223341
-0.0622313
 -0.019032
0.99897280 0.00033937 -0.04531263
0.00240474 0.99816582 0.06049144
0.04525005 -0.06053827 0.99713968
0.04314092
16
-0.0223779
-0.0629708
-0.0191848
0.99902831 0.00229235 -0.04401350
0.00015571 0.99845663 0.05553686
0.04407288 -0.05548975 0.99748607
0.03822422
17
-0.0232747
-0.0640569
 -0.019026
0.99928982 0.00342022 -0.03752548
-0.00131822 0.99843563 0.05589771
0.03765796 -0.05580855 0.99773107
0.03918967
18
-0.0228471
 -0.066426
-0.0190042
0.99909300 0.00048627 -0.04257854
0.00228785 0.99787743 0.06507991
0.04251981 -0.06511830 0.99697125
0.04814700
19
-0.0235019
-0.0649858
-0.0189598
0.99927327 -0.00110360 -0.03810129
0.00283668 0.99896204 0.04546199
0.03801157 -0.04553704 0.99823920
0.03486637
20
-0.0223499
-0.0662196
 -0.018636
0.99890708 -0.00347824 -0.04661058
0.00604074 0.99847087 0.05494941
0.04634817 -0.05517092 0.99740063
0.04322131
21
-0.0224344
-0.0635991
-0.0186875
0.99901687 -0.00387764 -0.04416169
0.00523794 0.99951403 0.03072892
0.04402107 -0.03093003 0.99855169
0.04141559
22
-0.0221769
-0.0634741
 -0.018804
0.99893627 -0.00292239 -0.04601934
0.00459093 0.99933425 0.03619354
0.04588293 -0.03636631 0.99828465
0.03597189
23
-0.0219604
-0.0635961
-0.0187813
0.99896339 -0.00239342 -0.04545789
0.00426183 0.99914801 0.04104982
0.04532091 -0.04120100 0.99812248
0.03385668
24
-0.0225768
-0.0616392
 -0.018712
0.99923770 -0.00265534 -0.03894829
0.00362950 0.99968181 0.02496216
0.03886961 -0.02508450 0.99892939
0.04103965
25
-0.0226522
-0.0602665
 -0.018848
0.99918735 -0.00169156 -0.04027133
0.00255994 0.99976511 0.02152144
0.04022546 -0.02160704 0.99895698
0.04304426
26
-0.0227671
-0.0615551
-0.0189282
0.99916075 0.00024417 -0.04096017
0.00154279 0.99904833 0.04358956
0.04093183 -0.04361617 0.99820950
0.03493303
27
 -0.022442
-0.0601875
-0.0190563
0.99903132 -0.00194301 -0.04396196
0.00323833 0.99956211 0.02941261
0.04388556 -0.02952648 0.99860014
0.04506309
28
-0.0228947
-0.0610141
-0.0190883
0.99920341 -0.00469479 -0.03962959
0.00647095 0.99897455 0.04481040
0.03937857 -0.04503115 0.99820916
0.03522582
29
-0.0226938
-0.0613866
-0.0191775
0.99910246 -0.00112891 -0.04234374
0.00310771 0.99890435 0.04669521
0.04224463 -0.04678489 0.99801130
0.03398351
30
 -0.022331
-0.0628632
-0.0191089
0.99897279 0.00033979 -0.04531273
0.00240442 0.99816571 0.06049322
0.04525017 -0.06054003 0.99713957
0.04278597
31
-0.0225128
-0.0633014
-0.0190936
0.99909650 0.00216522 -0.04244406
0.00025093 0.99838340 0.05683761
0.04249851 -0.05679691 0.99748082
0.03873549
32
-0.0229507
-0.0636746
-0.0190578
0.99930833 0.00340597 -0.03703066
-0.00140665 0.99854624 0.05388355
0.03716036 -0.05379419 0.99786036
0.03846159
33
-0.0228623
-0.0650873
-0.0189715
0.99916668 0.00021269 -0.04081538
0.00247480 0.99783087 0.06578324
0.04074084 -0.06582944 0.99699883
0.04903496
34
-0.0230411
-0.0642861
-0.0190216
0.99923089 -0.00104002 -0.03919883
0.00280567 0.99898235 0.04501551
0.03911212 -0.04509087 0.99821694
0.03456439
35
 -0.022396
-0.0650111
-0.0188348
0.99888147 -0.00344468 -0.04715873
0.00602698 0.99848325 0.05472545
0.04689869 -0.05494847 0.99738718
0.04363409
36
-0.0224654
-0.0634566
-0.0188214
0.99901585 -0.00392658 -0.04418041
0.00526593 0.99952879 0.03024012
0.04404085 -0.03044301 0.99856578
0.04238387
37
-0.0223115
-0.0633861
-0.0188871
0.99893576 -0.00294706 -0.04602889
0.00460473 0.99934301 0.03594918
0.04589270 -0.03612287 0.99829304
0.03604915
38
-0.0221768
-0.0634623
-0.0188711
0.99896314 -0.00240571 -0.04546272
0.00426878 0.99915299 0.04092766
0.04532576 -0.04107930 0.99812728
0.03389936
39
-0.0225506
-0.0622614
-0.0188262
0.99923759 -0.00266131 -0.03895065
0.00363315 0.99968332 0.02490106
0.03887205 -0.02502359 0.99893082
0.04144240
40
-0.0225984
-0.0613879
-0.0189083
0.99918730 -0.00169456 -0.04027252
0.00256174 0.99976576 0.02149088
0.04022667 -0.02157659 0.99895759
0.04381149
41
-0.0227455
-0.0622094
-0.0189367
0.99919971 0.00006814 -0.03999908
0.00171144 0.99900994 0.04445460
0.03996251 -0.04448748 0.99821033
0.03528388
42
 -0.022537
-0.0613146
-0.0190188
0.99905218 -0.00202687 -0.04348132
0.00332684 0.99954898 0.02984561
0.04340121 -0.02996198 0.99860834
0.04521855
43
-0.0228295
-0.0618266
-0.0190405
0.99921268 -0.00473903 -0.03938984
0.00651287 0.99896453 0.04502726
0.03913567 -0.04524835 0.99820889
0.03527784
44
-0.0226986
-0.0620537
-0.0191004
0.99910752 -0.00115098 -0.04222371
0.00312872 0.99889922 0.04680340
0.04212336 -0.04689373 0.99801132
0.03385960
45
-0.0224566
-0.0630232
-0.0190564
0.99897552 0.00032842 -0.04525276
0.00241459 0.99816241 0.06054724
0.04518949 -0.06059448 0.99713902
0.04274359
46
-0.0225764
-0.0633151
-0.0190472
0.99909779 0.00215955 -0.04241404
0.00025603 0.99838187 0.05686460
0.04246821 -0.05682416 0.99748056
0.03874542
47
-0.0228732
-0.0635689
-0.0190238
0.99930889 0.00340312 -0.03701564
-0.00140411 0.99854551 0.05389704
0.03714522 -0.05380782 0.99786019
0.03852812
48
 -0.022814
-0.0645423
-0.0189652
0.99916699 0.00021124 -0.04080789
0.00247604 0.99783042 0.06579000
0.04073325 -0.06583624 0.99699869
0.04936013
49
-0.0230686
-0.0640223
-0.0189488
0.99930653 -0.00123308 -0.03721472
0.00293891 0.99894549 0.04581786
0.03711898 -0.04589546 0.99825637
0.03521600
50
-0.0231881
-0.0636827
-0.0189398
0.99931860 -0.00165851 -0.03687243
0.00305899 0.99927466 0.03795793
0.03678273 -0.03804486 0.99859883
0.03432364
51
-0.0231434
-0.0636573
-0.0189684
0.99920258 -0.00210128 -0.03987205
0.00372684 0.99916287 0.04073895
0.03975306 -0.04085506 0.99837396
0.03566339
52
-0.0231522
 -0.063515
-0.0189613
0.99917652 0.00011102 -0.04057420
0.00150153 0.99921009 0.03971064
0.04054656 -0.03973887 0.99838710
0.03427760
53
-0.0232358
-0.0631943
-0.0189285
0.99921328 -0.00027921 -0.03965788
0.00169699 0.99936035 0.03572126
0.03962254 -0.03576046 0.99857461
0.03617504
54
-0.0228024
-0.0636658
-0.0187948
0.99886453 -0.00310709 -0.04753951
0.00547051 0.99875091 0.04966579
0.04732581 -0.04986946 0.99763385
0.04294508
55
-0.0228404
-0.0626727
-0.0187867
0.99900801 -0.00375608 -0.04437211
0.00498898 0.99960362 0.02770752
0.04425045 -0.02790141 0.99863077
0.04374094
56
 -0.022732
-0.0626402
-0.0188307
0.99893157 -0.00286265 -0.04612506
0.00446544 0.99938838 0.03468329
0.04599756 -0.03485220 0.99833339
0.03641271
57
-0.0226349
 -0.062704
-0.0188211
0.99896105 -0.00236319 -0.04551086
0.00419946 0.99917901 0.04029483
0.04537828 -0.04044409 0.99815083
0.03401068
58
-0.0229044
-0.0619582
-0.0187935
0.99925273 -0.00260118 -0.03856451
0.00360754 0.99965416 0.02604888
0.03848342 -0.02616854 0.99891653
0.04092821
59
-0.0229104
-0.0613149
-0.0188629
0.99917807 -0.00183260 -0.04049477
0.00266341 0.99978688 0.02047217
0.04044862 -0.02056320 0.99897000
0.04397861
60
-0.0230057
-0.0618774
-0.0188831
0.99919521 0.00000051 -0.04011146
0.00176364 0.99903236 0.04394569
0.04007267 -0.04398106 0.99822835
0.03523115
61
-0.0228579
-0.0612668
-0.0189405
0.99904969 -0.00206154 -0.04353699
0.00335211 0.99955647 0.02959093
0.04345668 -0.02970875 0.99861349
0.04536616
62
-0.0230179
-0.0615025
-0.0189683
0.99918147 -0.00471774 -0.04017636
0.00639797 0.99910567 0.04179616
0.03994324 -0.04201900 0.99831806
0.03506906
63
-0.0229686
-0.0616826
-0.0189956
0.99913240 -0.00103182 -0.04163396
0.00294803 0.99893754 0.04599012
0.04154227 -0.04607295 0.99807391
0.03363623
64
-0.0227315
-0.0623259
-0.0190092
0.99893156 0.00064158 -0.04620961
0.00207501 0.99827255 0.05871640
0.04616746 -0.05874955 0.99720462
0.04209761
65
-0.0227362
-0.0625065
-0.0190472
0.99900804 0.00244310 -0.04446320
-0.00000957 0.99850560 0.05464947
0.04453027 -0.05459483 0.99751514
0.03790830
66
-0.0229618
-0.0627933
-0.0190083
0.99928107 0.00349714 -0.03775061
-0.00139934 0.99846027 0.05545392
0.03788641 -0.05536122 0.99774734
0.03948242
67
-0.0228515
-0.0634486
-0.0190027
0.99908820 0.00052470 -0.04269058
0.00224729 0.99789197 0.06485804
0.04263462 -0.06489484 0.99698092
0.04970368
68
-0.0230344
  -0.06309
-0.0189904
0.99927115 -0.00108469 -0.03815743
0.00281609 0.99896715 0.04535087
0.03806882 -0.04542527 0.99824211
0.03501365
69
-0.0227073
-0.0634751
-0.0188961
0.99890581 -0.00346888 -0.04663852
0.00603035 0.99847398 0.05489388
0.04637693 -0.05511506 0.99740238
0.04405387
70
-0.0227385
-0.0626976
-0.0188883
0.99902729 -0.00393560 -0.04392014
0.00527071 0.99952622 0.03032433
0.04377998 -0.03052632 0.99857471
0.04195445
71
-0.0226545
-0.0626715
-0.0189216
0.99894174 -0.00295190 -0.04589876
0.00460679 0.99934149 0.03599123
0.04576229 -0.03616459 0.99829752
0.03585003
72
-0.0225787
-0.0627216
-0.0189127
0.99896609 -0.00240829 -0.04539766
0.00426964 0.99915213 0.04094867
0.04526055 -0.04110017 0.99812938
0.03387359
73
-0.0227728
-0.0620902
-0.0188881
0.99923886 -0.00266237 -0.03891810
0.00363381 0.99968305 0.02491157
0.03883944 -0.02503403 0.99893183
0.04131429
74
-0.0227957
-0.0616204
-0.0189317
0.99918795 -0.00169507 -0.04025624
0.00256210 0.99976565 0.02149613
0.04021037 -0.02158181 0.99895813
0.04394604
75
-0.0228734
-0.0620663
-0.0189468
0.99920004 0.00006780 -0.03999094
0.00171152 0.99900982 0.04445722
0.03995436 -0.04449010 0.99821054
0.03527206
76
-0.0227565
-0.0615738
-0.0189921
0.99905236 -0.00202702 -0.04347725
0.00332692 0.99954894 0.02984692
0.04339714 -0.02996328 0.99860848
0.04533647
77
 -0.022917
-0.0618563
-0.0190046
0.99921276 -0.00473912 -0.03938781
0.00651289 0.99896450 0.04502792
0.03913363 -0.04524900 0.99820894
0.03526368
78
-0.0228421
 -0.061984
-0.0190388
0.99910756 -0.00115102 -0.04222269
0.00312873 0.99889921 0.04680373
0.04212234 -0.04689406 0.99801135
0.03388727
79
-0.0226516
-0.0625014
-0.0190493
0.99891794 0.00058473 -0.04650394
0.00216809 0.99824836 0.05912286
0.04645706 -0.05915971 0.99716692
0.04236820
80
 -0.022718
-0.0626757
-0.0190441
0.99907071 0.00228777 -0.04304056
0.00013281 0.99842218 0.05615274
0.04310112 -0.05610627 0.99749405
0.03855640
81
-0.0228885
-0.0628309
-0.0190305
0.99929700 0.00346778 -0.03732927
-0.00146518 0.99856457 0.05354113
0.03746136 -0.05344880 0.99786766
0.03856783
82
-0.0228536
-0.0634097
-0.0189961
0.99916058 0.00024418 -0.04096421
0.00244614 0.99784222 0.06561192
0.04089184 -0.06565705 0.99700402
0.04987232
83
 -0.022927
-0.0631017
-0.0190164
0.99922798 -0.00102497 -0.03927336
0.00279063 0.99898625 0.04492973
0.03918749 -0.04500464 0.99821787
0.03464017
84
-0.0226596
-0.0634179
-0.0189386
0.99887974 -0.00343715 -0.04719590
0.00601948 0.99848565 0.05468255
0.04693647 -0.05490539 0.99738777
0.04414029
85
-0.0226768
-0.0628034
-0.0189478
0.99900395 -0.00386046 -0.04445461
0.00522392 0.99951820 0.03059545
0.04431508 -0.03079720 0.99854279
0.04115927
86
-0.0226081
-0.0627807
-0.0189745
0.99892954 -0.00291346 -0.04616580
0.00458426 0.99933670 0.03612687
0.04602992 -0.03629984 0.99828031
0.03585369
87
-0.0225459
-0.0628209
-0.0189666
0.99896006 -0.00238876 -0.04553112
0.00425869 0.99914939 0.04101650
0.04539441 -0.04116775 0.99812052
0.03390229
88
-0.0227246
 -0.062328
-0.0189467
0.99925230 -0.00261530 -0.03857458
0.00363584 0.99964458 0.02641000
0.03849180 -0.02653050 0.99890666
0.04089170
89
-0.0227306
-0.0618974
-0.0189911
0.99917786 -0.00183950 -0.04049972
0.00267773 0.99978312 0.02065274
0.04045294 -0.02074421 0.99896608
0.04420574
90
-0.0227961
 -0.062266
-0.0190031
0.99919511 -0.00000293 -0.04011390
0.00177081 0.99902838 0.04403591
0.04007479 -0.04407150 0.99822428
0.03524293
91
-0.0226993
-0.0618524
-0.0190402
0.99904963 -0.00206319 -0.04353824
0.00335576 0.99955512 0.02963606
0.04345772 -0.02975400 0.99861210
0.04554684
92
-0.0228343
-0.0620859
-0.0190502
0.99921147 -0.00475675 -0.03941830
0.00652777 0.99896915 0.04492252
0.03916398 -0.04514442 0.99821248
0.03527208
93
-0.0228029
-0.0622016
-0.0190678
0.99914822 -0.00105067 -0.04125210
0.00301367 0.99886420 0.04755235
0.04115528 -0.04763616 0.99801655
0.03394224
94
-0.0226432
 -0.062634
-0.0190763
0.99894041 0.00063281 -0.04601811
0.00210848 0.99822627 0.05949684
0.04597414 -0.05953083 0.99716722
0.04244500
95
-0.0226993
-0.0627795
-0.0190716
0.99908109 0.00231188 -0.04279749
0.00010308 0.99841167 0.05633946
0.04285976 -0.05629210 0.99749398
0.03862790
96
-0.0228433
-0.0629093
-0.0190599
0.99930150 0.00347974 -0.03720767
-0.00148015 0.99855954 0.05363437
0.03734071 -0.05354184 0.99786720
0.03861631
97
-0.0227684
-0.0633607
-0.0190555
0.99909983 0.00051232 -0.04241787
0.00220332 0.99795071 0.06394941
0.04236370 -0.06398530 0.99705125
0.04903140
98
-0.0228961
-0.0631128
-0.0190464
0.99927636 -0.00108854 -0.03802063
0.00279644 0.99898775 0.04489607
0.03793327 -0.04496990 0.99826789
0.03501116
99
-0.0229582
-0.0629505
-0.0190409
0.99930376 -0.00158765 -0.03727556
0.00298632 0.99929228 0.03749684
0.03718965 -0.03758205 0.99860128
0.03425565
100
-0.0229821
-0.0629316
-0.0190403
0.99924849 -0.00229259 -0.03869364
0.00385603 0.99917697 0.04037968
0.03856922 -0.04049853 0.99843492
0.03616886
