# oST version 5.0 parameters

[image]

width
1280

height
1024

[camera]

camera matrix
765.712887932616    0    642.515687381592
0    765.990080527761   501.771725959290
0    0    1

distortion
-0.380550101096110 0.214691503542850 0.000786190495763617 -0.000174177948587904 -0.0727380789673899

rectification
1.000000 0.000000 0.000000
0.000000 1.000000 0.000000
0.000000 0.000000 1.000000

projection
765.712887932616 0.0  642.515687381592 0.0
0.0 765.990080527761  501.771725959290 0.0
0.0 0.0 1.0 0.0
