# oST version 5.0 parameters

[image]

width
1920

height
1208

[narrow_stereo]

camera matrix
975.788909 0.000000 964.509535
0.000000 982.981449 630.362450
0.000000 0.000000 1.000000

distortion
-0.276523 0.052400 0.002806 0.000932 0.000000

rectification
1.000000 0.000000 0.000000
0.000000 1.000000 0.000000
0.000000 0.000000 1.000000

projection
641.515747 0.000000 965.795966 0.000000
0.000000 859.322327 644.645148 0.000000
0.000000 0.000000 1.000000 0.000000