# oST version 5.0 parameters

[image]

width
1280

height
1024

[camera]

camera matrix
750.604278534657 0 639.586604859813
0 751.131751966851 520.519080193471
0 0 1

distortion
-0.348910069749967 0.145083691473435 5.57152122738376e-05 -4.24472083719270e-05 -0.0300468841788372

rectification
1.000000 0.000000 0.000000
0.000000 1.000000 0.000000
0.000000 0.000000 1.000000

projection
750.211409 0 639.820704 0
0 751.895665 520.394914 0
0 0 1 0
